-8,63828	4,663905	-0,4309563	Time:0
-8,743625	4,673482	-0,6512229	Time:0
-2,6623523	4,9416323	0,5650316	Time:0
-0,59376204	9,32781		-1,4269443	Time:0
-0,5267244	17,33402	-2,4037786	Time:0
-0,30645782	15,543158	-2,0494366	Time:0
-0,1340753	9,921572	-1,1109096	Time:0
0,33518824	6,694188	-0,62249243	Time:0
0,6512229	10,160992	-1,043872	Time:0
0,91937345	16,050728	-1,7142484	Time:0
0,545878	15,313314	-1,8100165	Time:0
0,1436521	9,270349	-1,043872	Time:0
-0,23942018	6,7708025	-0,7661445	Time:0
-0,5650316	10,065224	-1,1875241	Time:0
-0,51714754	14,729129	-1,7812861	Time:0
-0,48841715	14,030022	-1,541866	Time:0
-0,19153613	9,394848	-1,0821792	Time:0
0,2681506	8,082825	-0,89064306	Time:0
0,50757074	10,936713	-1,3024458	Time:0
0,60333884	13,560759	-1,436521	Time:0
0,30645782	12,392388	-1,5131354	Time:0
0,16280572	9,481039	-1,0342951	Time:0
-0,4309563	8,197746	-1,0151415	Time:0
-0,5267244	10,093954	-1,1875241	Time:0
-0,47884035	12,737153	-1,5610195	Time:0
-0,4309563	11,444284	-1,2449849	Time:0
-0,29688102	9,500193	-1,0151415	Time:0
0,38307226	9,251195	-1,0151415	Time:0
0,5554548	10,821792	-1,1779473	Time:0
0,4309563	11,942278	-1,436521	Time:0
0,24899697	10,936713	-1,2449849	Time:0
0,06703765	9,11712		-0,9768343	Time:0
-0,45010993	9,14585		-1,0726024	Time:0
-0,46926352	10,620679	-1,2162545	Time:0
-0,4405331	11,262324	-1,2545617	Time:0
-0,36391866	10,43872	-1,1971009	Time:0
0,009576807	9,5385		-1,091756	Time:0
0,41180268	9,768343	-1,1109096	Time:0
0,45010993	10,6398325	-1,1587936	Time:0
0,40222588	10,6877165	-1,2545617	Time:0
0,25857377	9,873688	-1,1300632	Time:0
-0,16280572	9,5385		-1,0726024	Time:0
-0,62249243	9,749189	-1,1492168	Time:0
-0,6799533	10,180145	-1,1971009	Time:0
-0,7182605	10,199299	-1,1587936	Time:0
-0,6703765	9,844957	-1,1875241	Time:0
0,38307226	9,787497	-1,1492168	Time:0
0,59376204	9,844957	-1,1683705	Time:0
0,6512229	9,864111	-1,1875241	Time:0
0,5363012	9,835381	-1,1779473	Time:0
