-0,02873042	9,80665		-1,1587936	Time:0
-0,038307227	9,797073	-1,1683705	Time:284
-0,02873042	9,80665		-1,1587936	Time:420
-0,02873042	9,80665		-1,1587936	Time:630
-0,02873042	9,80665		-1,1587936	Time:770
-0,02873042	9,825804	-1,1779473	Time:1055
-0,019153614	9,825804	-1,1683705	Time:1190
-0,02873042	9,825804	-1,1683705	Time:1330
-0,02873042	9,825804	-1,1683705	Time:1470
-0,02873042	9,80665		-1,1587936	Time:1610
-3,2082303	9,931149	-1,4460979	Time:1749
-3,7541082	10,457873	-1,7812861	Time:1889
-3,2752678	10,496181	-0,49799395	Time:2030
-3,3901896	9,490616	-0,7182605	Time:2170
-5,133168	7,920019	-0,5363012	Time:2310
-5,8226986	6,83784		-0,46926352	Time:2450
-6,8665705	6,6367273	-0,5554548	Time:2590
-7,374141	6,6846113	-0,6512229	Time:2730
-7,441179	6,694188	-0,63206923	Time:2870
-7,441179	6,694188	-0,61291564	Time:3010
-7,441179	6,703765	-0,58418524	Time:3151
-7,431602	6,694188	-0,60333884	Time:3290
-7,431602	6,694188	-0,58418524	Time:3430
-7,393295	6,703765	-0,5650316	Time:3570
-7,422025	6,7133417	-0,58418524	Time:3710
-7,4028716	6,6750345	-0,7278373	Time:3850
-7,383718	6,6367273	-0,60333884	Time:3990
-6,349423	6,7133417	-0,5267244	Time:4130
-6,3685765	7,201759	-0,40222588	Time:4270
-5,7748146	7,6231384	-0,2873042	Time:4409
-4,367024	8,695741	-0,30645782	Time:4550
-4,0318356	9,452309	-0,46926352	Time:4690
-2,2697031	10,237606	-0,33518824	Time:4829
-1,1971009	10,620679	-0,22026655	Time:4970
0,31603462	10,409989	-0,11492168	Time:5110
2,3080103	10,141838	-0,47884035	Time:5249
2,719813	9,634268	-0,33518824	Time:5390
5,0182467	8,925584	-0,49799395	Time:5530
5,544971	8,408437	-0,47884035	Time:5670
5,3438582	7,5465236	-0,37349546	Time:5810
4,9703627	7,1251445	-0,7469909	Time:5950
4,8458643	7,52737		-0,29688102	Time:6091
4,146757	8,590396	-0,2873042	Time:6230
3,3806129	10,323798	-0,30645782	Time:6370
1,8483237	11,032481	-0,18195933	Time:6513
-0,34476504	11,281479	-0,32561144	Time:6650
-1,8195933	10,189722	-0,48841715	Time:6790
-3,4859576	9,251195	-0,41180268	Time:6930
-4,759673	8,207323	-0,2873042	Time:7070
-5,6886234	7,603985	-0,2873042	Time:7210
-5,851429	7,2113357	-0,38307226	Time:7350
-6,5984197	7,1251445	-0,35434186	Time:7490
-6,167464	7,1347213	-0,36391866	Time:7630
-5,583278	7,326257	-0,31603462	Time:7770
-5,0757074	8,130709	-0,29688102	Time:7910
-3,9264908	9,174581	-0,23942018	Time:8050
-2,7485435	9,940725	-0,20111294	Time:8190
-1,2737153	10,7356	-0,1340753	Time:8333
0,29688102	10,860099	-0,20111294	Time:8470
1,982399	10,362105	-0,22984336	Time:8610
3,6870706	9,730036	-0,38307226	Time:8750
4,8362875	8,7053175	-0,30645782	Time:8890
5,209783	7,8625584	-0,39264908	Time:9030
5,7269306	7,1251445	-0,31603462	Time:9170
6,7229185	6,933608	-0,39264908	Time:9310
6,6846113	6,991069	-0,47884035	Time:9450
5,602432	7,374141	-0,5746084	Time:9590
5,0757074	8,025364	-0,58418524	Time:9738
4,2904096	9,088389	-0,33518824	Time:9870
3,064578	9,80665	-0,23942018	Time:10010
1,3215994	10,783484	-0,21068975	Time:10152
0,49799395	10,850522	-0,20111294	Time:10290
-1,388637	10,275913	-0,20111294	Time:10430
-2,873042	9,490616	-0,36391866	Time:10570
-3,4380736	8,829816	-0,34476504	Time:10710
-4,098873	8,408437	-0,49799395	Time:10850
-4,2999864	8,389283	-0,48841715	Time:10990
-4,271256	8,590396	-0,2873042	Time:11130
-3,7924154	8,935161	-0,20111294	Time:11270
-3,0071173	9,519346	-0,25857377	Time:11413
-2,5378537	9,844957	-0,17238252	Time:11550
-1,2162545	10,113108	-0,16280572	Time:11690
0,31603462	10,199299	-0,21068975	Time:11830
1,5610195	10,189722	-0,22984336	Time:11970
2,4133554	9,902418	-0,30645782	Time:12110
3,5817258	9,605537	-0,40222588	Time:12250
4,357447	8,973468	-0,45968673	Time:12390
4,8937483	8,39886	-0,2873042	Time:12530
4,7979803	7,8050976	-0,7565677	Time:12670
4,759673	7,73806	-0,46926352	Time:12810
4,999093	8,130709	-0,32561144	Time:12950
4,3382936	8,848969	-0,30645782	Time:13090
3,86903	9,471462	-0,37349546	Time:13230
3,0933087	9,844957	-0,33518824	Time:13369
2,2409728	9,998186	-0,30645782	Time:13510
1,4269443	9,931149	-0,24899697	Time:13650
1,1492168	9,825804	-0,21068975	Time:13790
0,20111294	9,825804	0,15322891	Time:13930
-0,076614454	10,0269165	-1,283292	Time:14070
-0,05746084	9,816227	-1,4269443	Time:14210
-0,06703765	9,892841	-1,1013328	Time:14350
-0,047884032	9,883265	-1,0342951	Time:14490
-0,047884032	9,825804	-1,043872	Time:14630
-0,047884032	9,80665	-1,091756	Time:14770
-0,047884032	9,80665	-1,091756	Time:15049
-0,047884032	9,80665	-1,1109096	Time:15259
-0,038307227	9,825804	-1,1109096	Time:15400
-0,047884032	9,816227	-1,1013328	Time:15539
-0,038307227	9,816227	-1,1109096	Time:15750
-0,047884032	9,80665	-1,1013328	Time:16029
-0,038307227	9,825804	-1,1109096	Time:16239
